id1,id2,value
344,289,0.102778
344,312,0.0709076
344,349,0.0525267
344,373,0.0510259
344,2330,0.0466809
344,59,0.0423472
344,300,0.0408719
344,348,0.0384872
344,717,0.037506
344,736,0.0334489
345,242,0.323109
345,737,0.202993
345,367,0.168202
345,632,0.160878
345,223,0.148024
345,482,0.102
345,1894,0.0833934
345,259,0.0702465
345,658,0.0594843
345,77,0.0545005
346,495,0.100326
346,1975,0.0530396
346,1117,0.0429442
346,57,0.0414836
346,342,0.0358755
346,481,0.0339584
346,8,0.0280698
346,584,0.0268647
346,1118,0.025705
346,357,0.0212233
347,13,0.246798
347,223,0.222211
347,96,0.1522
347,467,0.145791
347,294,0.111097
347,215,0.103672
347,3067,0.0966254
347,292,0.0887606
347,310,0.0808412
347,630,0.0784775
340,737,0.142969
340,380,0.134873
340,2026,0.101476
340,1117,0.0977114
340,306,0.0964649
340,603,0.0955858
340,607,0.0902948
340,321,0.0900005
340,78,0.0883217
340,21,0.0821517
341,39,0.16848
341,370,0.101451
341,720,0.0885674
341,301,0.0833425
341,561,0.0819897
341,583,0.0717149
341,2345,0.0695188
341,242,0.068534
341,88,0.0613182
341,367,0.0609718
342,706,0.169998
342,481,0.133527
342,192,0.112607
342,86,0.110969
342,371,0.087386
342,328,0.0864978
342,1,0.0847154
342,68,0.0843988
342,323,0.0829236
342,708,0.0800132
343,483,0.281197
343,553,0.275504
343,494,0.123985
343,374,0.10801
343,296,0.0903371
343,2129,0.0755665
343,351,0.0575401
343,46,0.0567804
343,1691,0.0554359
343,318,0.0538081
348,601,0.223182
348,382,0.151229
348,380,0.150836
348,328,0.110531
348,1127,0.108755
348,658,0.105959
348,379,0.105013
348,351,0.0760254
348,5,0.0736065
348,1396,0.0717172
349,286,0.179266
349,713,0.176484
349,1376,0.171354
349,672,0.15637
349,602,0.134207
349,719,0.131644
349,642,0.101065
349,725,0.100993
349,49,0.0870188
349,278,0.085912
719,713,0.330182
719,286,0.211101
719,349,0.131644
719,244,0.12549
719,602,0.104626
719,255,0.102007
719,712,0.101772
719,366,0.0996401
719,698,0.093683
719,604,0.0936187
717,720,0.140963
717,603,0.13028
717,308,0.127537
717,2345,0.113312
717,299,0.109507
717,242,0.109313
717,305,0.0976942
717,367,0.0892558
717,339,0.0887903
717,88,0.0832209
714,1894,0.214447
714,1376,0.113408
714,493,0.09817
714,606,0.0807247
714,682,0.062384
714,719,0.0621626
714,59,0.0516231
714,605,0.0503846
714,712,0.0495314
714,349,0.0469426
713,719,0.330182
713,286,0.253246
713,349,0.176484
713,2001,0.169706
713,712,0.10058
713,1376,0.0944993
713,317,0.0557428
713,287,0.0453591
713,604,0.0444844
713,181,0.0426345
712,148,0.228164
712,6,0.130695
712,253,0.118024
712,719,0.101772
712,713,0.10058
712,286,0.0903254
712,84,0.0719072
712,266,0.0658264
712,710,0.0577177
712,349,0.0550991
711,1376,0.115146
711,258,0.0934798
711,2183,0.0904569
711,672,0.0815373
711,605,0.0703283
711,710,0.064544
711,176,0.0584096
711,95,0.0565843
711,554,0.0549543
711,342,0.0513993
710,672,0.339468
710,246,0.207658
710,176,0.10066
710,286,0.0875513
710,356,0.0709917
710,719,0.0680394
710,556,0.0646266
710,711,0.064544
710,255,0.0605937
710,38,0.059804
298,553,0.156493
298,85,0.130302
298,70,0.128878
298,554,0.127535
298,259,0.126303
298,675,0.123246
298,582,0.121453
298,296,0.113797
298,375,0.100765
298,367,0.0877465
299,308,0.267072
299,640,0.18685
299,351,0.135991
299,717,0.109507
299,58,0.0992432
299,495,0.0916237
299,665,0.0911445
299,70,0.077954
299,18,0.0700197
299,625,0.0698287
296,553,0.182356
296,554,0.17008
296,367,0.117911
296,298,0.113797
296,98,0.107232
296,343,0.0903371
296,104,0.0899833
296,319,0.0898429
296,46,0.0873646
296,371,0.0739269
297,367,0.094316
297,7,0.0728442
297,624,0.0694857
297,52,0.0652455
297,362,0.0646204
297,255,0.0613051
297,317,0.0596569
297,264,0.0560372
297,559,0.0514247
297,274,0.0500226
294,96,0.389213
294,467,0.249531
294,292,0.19858
294,45,0.158191
294,10,0.121295
294,223,0.117645
294,347,0.111097
294,285,0.100467
294,2345,0.0984292
294,11,0.0928345
295,292,0.17152
295,242,0.140716
295,1397,0.114471
295,165,0.0804372
295,2026,0.0744794
295,308,0.0744539
295,271,0.0743091
295,267,0.0605465
295,45,0.059137
295,223,0.0587865
292,96,0.262508
292,294,0.19858
292,308,0.192806
292,642,0.1848
292,467,0.179535
292,45,0.174074
292,295,0.17152
292,223,0.163202
292,2714,0.150195
292,1485,0.145409
293,29,0.0935498
293,492,0.0844142
293,16,0.0558141
293,584,0.0480633
293,67,0.0476862
293,2329,0.0466025
293,79,0.0456438
293,333,0.0412718
293,378,0.0373767
293,20,0.0360522
290,550,0.360754
290,259,0.147372
290,184,0.140518
290,658,0.13742
290,85,0.123941
290,675,0.115375
290,497,0.0966948
290,665,0.0954886
290,1889,0.0916796
290,70,0.0887145
291,492,0.113021
291,504,0.110926
291,474,0.0855226
291,727,0.0745369
291,16,0.0640769
291,61,0.0624952
291,586,0.0570789
291,2129,0.0543415
291,88,0.0503272
291,694,0.0483308
599,125,0.183754
599,153,0.167694
599,2,0.164946
599,625,0.133989
599,35,0.118435
599,551,0.0894267
599,2136,0.0871283
599,377,0.0732989
599,57,0.0647053
599,323,0.0611879
598,487,0.216683
598,83,0.150171
598,355,0.100067
598,306,0.0833038
598,52,0.0829564
598,337,0.0731263
598,286,0.0729228
598,305,0.0649626
598,67,0.0641082
598,720,0.0444848
1122,86,0.0755938
1122,62,0.0754554
1122,259,0.0728251
1122,87,0.0675957
1122,481,0.0631995
1122,166,0.0597869
1122,33,0.0574108
1122,95,0.0535766
1122,16,0.052949
1122,72,0.0524311
191,482,0.0603295
191,287,0.058651
191,311,0.0395007
191,49,0.0370381
191,288,0.0363204
191,332,0.0290393
191,75,0.0276327
191,54,0.0241961
191,497,0.0235943
191,674,0.022295
193,361,0.122319
193,25,0.110894
193,326,0.101388
193,26,0.0807626
193,271,0.0713002
193,107,0.0581232
193,60,0.0579574
193,20,0.0493729
193,650,0.0432499
193,327,0.0379151
192,706,0.214704
192,8,0.181342
192,331,0.155739
192,86,0.147323
192,342,0.112607
192,472,0.0943435
192,701,0.092605
192,24,0.0820488
192,266,0.0768843
192,318,0.0756581
271,317,0.141726
271,322,0.123725
271,36,0.108931
271,3067,0.107121
271,605,0.1003
271,284,0.0931715
271,44,0.0786283
271,180,0.0753113
271,295,0.0743091
271,193,0.0713002
272,9,0.3453
272,479,0.132924
272,1889,0.118203
272,468,0.105436
272,166,0.102574
272,490,0.101093
272,90,0.095383
272,80,0.0915001
272,369,0.0875077
272,335,0.0838367
274,264,0.127476
274,362,0.107374
274,285,0.0942069
274,471,0.0923579
274,333,0.0697719
274,353,0.0583153
274,118,0.056147
274,299,0.054114
274,1975,0.0523972
274,485,0.0512962
275,379,0.151621
275,276,0.141085
275,200,0.124693
275,72,0.117026
275,63,0.117025
275,77,0.113185
275,361,0.109582
275,483,0.102087
275,259,0.0944578
275,281,0.0925988
276,189,0.168021
276,256,0.144445
276,275,0.141085
276,279,0.125777
276,305,0.120984
276,96,0.118126
276,483,0.11225
276,322,0.110355
276,72,0.103851
276,25,0.0976511
277,50,0.248881
277,472,0.132551
277,54,0.118498
277,75,0.115992
277,8,0.107615
277,728,0.0926106
277,280,0.0499931
277,722,0.0475458
277,306,0.0375441
277,255,0.0357285
278,49,0.172086
278,64,0.124639
278,658,0.120523
278,497,0.106333
278,267,0.0894379
278,349,0.085912
278,642,0.0761217
278,290,0.069498
278,286,0.0667984
278,119,0.0601205
279,189,0.361694
279,600,0.310045
279,501,0.251752
279,485,0.144097
279,276,0.125777
279,96,0.119752
279,309,0.0857639
279,223,0.0777188
279,305,0.0763716
279,561,0.0709346
102,80,0.168659
102,46,0.147172
102,39,0.141829
102,72,0.135709
102,104,0.129331
102,77,0.120343
102,180,0.118409
102,561,0.115748
102,189,0.0956944
102,589,0.093856
101,180,0.203467
101,98,0.170009
101,104,0.158129
101,1160,0.111963
101,496,0.111096
101,51,0.108535
101,135,0.100397
101,85,0.0907787
101,125,0.0823973
101,322,0.0695573
107,26,0.169575
107,20,0.160944
107,37,0.150543
107,180,0.147585
107,650,0.103664
107,284,0.094307
107,102,0.083847
107,104,0.0832318
107,98,0.0776086
107,271,0.0702149
104,180,0.361184
104,700,0.268628
104,101,0.158129
104,72,0.157168
104,57,0.138829
104,98,0.138507
104,102,0.129331
104,371,0.112269
104,96,0.110139
104,125,0.109238
39,561,0.243745
39,2345,0.193247
39,304,0.19258
39,352,0.178419
39,341,0.16848
39,102,0.141829
39,32,0.131172
39,665,0.121485
39,119,0.0966974
39,78,0.0858788
38,472,0.236587
38,331,0.218961
38,176,0.214585
38,314,0.199242
38,318,0.1981
38,122,0.196411
38,64,0.190022
38,332,0.172454
38,682,0.149595
38,707,0.141789
33,259,0.116185
33,28,0.0780379
33,27,0.0757896
33,283,0.0629974
33,282,0.0574693
33,1122,0.0574108
33,320,0.0568987
33,280,0.0509381
33,728,0.0492238
33,176,0.0459931
32,286,0.200053
32,39,0.131172
32,561,0.0844787
32,606,0.0835732
32,2345,0.0829308
32,605,0.0814753
32,102,0.0777976
32,56,0.0640973
32,46,0.0626733
32,362,0.0587114
31,13,0.0883896
31,2345,0.083719
31,296,0.07093
31,502,0.0663359
31,319,0.0647915
31,624,0.0616535
31,125,0.0600813
31,12,0.0586965
31,587,0.056931
31,731,0.0553323
30,37,0.245522
30,63,0.107263
30,620,0.0892618
30,360,0.0758041
30,625,0.0705271
30,469,0.0661573
30,60,0.0647838
30,316,0.0636494
30,305,0.0544222
30,664,0.0523309
37,30,0.245522
37,650,0.169387
37,301,0.166751
37,107,0.150543
37,665,0.150396
37,63,0.120611
37,28,0.117651
37,282,0.111159
37,76,0.108055
37,286,0.0929424
36,355,0.115841
36,271,0.108931
36,583,0.103506
36,21,0.0943625
36,339,0.0745043
36,2714,0.0720395
36,165,0.0661718
36,641,0.0658056
36,720,0.0655285
36,361,0.0593325
35,551,0.217429
35,587,0.122589
35,599,0.118435
35,63,0.0893142
35,2,0.0862032
35,309,0.0817968
35,88,0.069354
35,47,0.0608446
35,275,0.0534223
35,85,0.0525101
34,500,0.188416
34,305,0.182518
34,307,0.111726
34,248,0.0998698
34,267,0.0881863
34,223,0.0783757
34,83,0.073133
34,355,0.0676213
34,489,0.0638025
34,72,0.0635265
641,67,0.111186
641,27,0.0886865
641,550,0.0881589
641,47,0.0875152
641,706,0.0854902
641,125,0.0796209
641,331,0.0746465
641,476,0.0715097
641,722,0.069952
641,24,0.0676001
640,299,0.18685
640,554,0.10586
640,479,0.102675
640,54,0.0701347
640,486,0.0580617
640,499,0.0499836
640,719,0.0462385
640,711,0.0420207
640,622,0.0411953
640,495,0.0389247
642,292,0.1848
642,253,0.136346
642,1485,0.121809
642,258,0.121713
642,349,0.101065
642,672,0.0920101
642,49,0.0886188
642,50,0.0777338
642,278,0.0761217
642,286,0.0737439
339,125,0.182785
339,585,0.0912504
339,2,0.0897001
339,717,0.0887903
339,59,0.0746151
339,36,0.0745043
339,62,0.0646526
339,625,0.0516411
339,696,0.049937
339,1157,0.0495718
338,27,0.119555
338,58,0.111551
338,469,0.0675209
338,280,0.0632938
338,320,0.0593844
338,1118,0.0581701
338,599,0.0333187
338,316,0.0297461
338,76,0.0272959
338,321,0.0272053
335,14,0.221639
335,471,0.193822
335,604,0.157928
335,55,0.116939
335,69,0.10687
335,489,0.0900922
335,272,0.0838367
335,64,0.0792552
335,1119,0.0748615
335,89,0.0646686
334,166,0.185142
334,41,0.125707
334,38,0.120723
334,323,0.0808496
334,730,0.0676511
334,1894,0.0649486
334,272,0.0610011
334,380,0.0602949
334,707,0.0589333
334,1396,0.0585685
337,487,0.364334
337,83,0.133764
337,500,0.119617
337,665,0.1139
337,43,0.0972814
337,373,0.0758882
337,598,0.0731263
337,502,0.0715859
337,556,0.061145
337,42,0.0600251
336,22,0.246007
336,135,0.110716
336,26,0.103168
336,184,0.0739561
336,29,0.064886
336,499,0.0634624
336,302,0.0601235
336,557,0.0598781
336,363,0.0578329
336,101,0.0561776
331,472,0.353112
331,318,0.315941
331,64,0.309194
331,24,0.29207
331,682,0.260412
331,122,0.25922
331,176,0.248515
331,332,0.223638
331,38,0.218961
331,192,0.155739
333,301,0.132664
333,362,0.126992
333,1394,0.115863
333,264,0.112895
333,70,0.100132
333,1397,0.0962019
333,27,0.0914444
333,467,0.0874913
333,88,0.0820259
333,707,0.0794428
332,472,0.286825
332,64,0.231657
332,318,0.230421
332,331,0.223638
332,176,0.187771
332,122,0.17426
332,38,0.172454
332,682,0.154036
332,49,0.132076
332,314,0.115876
6,253,0.207351
6,698,0.173244
6,602,0.148344
6,712,0.130695
6,486,0.10094
6,321,0.0976648
6,658,0.0877748
6,601,0.0745865
6,1118,0.066985
6,350,0.0657005
98,101,0.170009
98,53,0.168641
98,559,0.165086
98,104,0.138507
98,180,0.132382
98,4,0.128208
98,296,0.107232
98,96,0.105386
98,256,0.103882
98,554,0.0967436
91,589,0.0980241
91,705,0.0618187
91,499,0.0581455
91,165,0.0406097
91,307,0.0340976
91,258,0.0337613
91,380,0.032865
91,102,0.0322426
91,465,0.0316743
91,80,0.0304485
90,561,0.192153
90,46,0.12457
90,5,0.118622
90,69,0.117443
90,586,0.112872
90,272,0.095383
90,96,0.0846232
90,98,0.0812844
90,102,0.0772283
90,63,0.071685
92,37,0.0894169
92,244,0.0779317
92,89,0.067825
92,88,0.0655263
92,665,0.0633509
92,2,0.061461
92,720,0.0608282
92,1118,0.0574951
92,599,0.0545037
92,263,0.0517954
95,162,0.232631
95,246,0.140115
95,585,0.127935
95,69,0.0991935
95,176,0.085439
95,2183,0.0749997
95,64,0.0671378
95,711,0.0565843
95,1122,0.0535766
95,2329,0.0529287
96,294,0.389213
96,467,0.33292
96,292,0.262508
96,45,0.219306
96,223,0.181042
96,256,0.178058
96,72,0.165489
96,347,0.1522
96,600,0.146193
96,152,0.14603
740,478,0.204956
740,16,0.0786435
740,55,0.075064
740,67,0.0377345
740,605,0.0359657
740,347,0.0342322
740,632,0.0336629
740,708,0.0326074
740,622,0.0322035
740,43,0.0306899
559,200,0.19969
559,485,0.195798
559,98,0.165086
559,53,0.0913082
559,16,0.0724329
559,310,0.0645043
559,378,0.0633746
559,554,0.0569052
559,701,0.0517325
559,297,0.0514247
555,361,0.134966
555,83,0.0954358
555,651,0.0925316
555,2330,0.0844872
555,358,0.08069
555,39,0.0792427
555,372,0.0765845
555,281,0.0696933
555,665,0.0588242
555,307,0.0528479
554,53,0.22158
554,367,0.207796
554,296,0.17008
554,724,0.137534
554,553,0.135595
554,298,0.127535
554,319,0.10662
554,640,0.10586
554,98,0.0967436
554,602,0.0946319
557,66,0.105562
557,665,0.0939077
557,76,0.0875832
557,1380,0.087318
557,282,0.0845965
557,1691,0.0660729
557,336,0.0598781
557,16,0.0509004
557,492,0.047873
557,299,0.0439062
556,43,0.226511
556,363,0.109036
556,44,0.0811293
556,476,0.0732077
556,300,0.0707683
556,320,0.0689977
556,69,0.0672481
556,56,0.0661266
556,552,0.0653907
556,710,0.0646266
551,2,0.231389
551,57,0.229735
551,35,0.217429
551,720,0.15221
551,47,0.12748
551,44,0.0971797
551,599,0.0894267
551,244,0.0855573
551,88,0.0852449
551,125,0.0799549
550,290,0.360754
550,1889,0.142127
550,1691,0.0999233
550,731,0.0993847
550,104,0.0961197
550,309,0.0954191
550,467,0.0917594
550,641,0.0881589
550,1397,0.0867888
550,150,0.0840974
553,343,0.275504
553,296,0.182356
553,298,0.156493
553,554,0.135595
553,1474,0.107528
553,65,0.105217
553,367,0.0972261
553,53,0.0939618
553,722,0.0919658
553,14,0.0781232
552,215,0.147699
552,377,0.0709961
552,604,0.0702784
552,556,0.0653907
552,320,0.0587035
552,9,0.0558819
552,502,0.0550416
552,498,0.0549719
552,367,0.0512049
552,363,0.0509507
3067,271,0.107121
3067,347,0.0966254
3067,64,0.0677499
3067,80,0.0656251
3067,2026,0.0651794
3067,85,0.0583966
3067,361,0.0576382
3067,606,0.0459752
3067,351,0.0427092
3067,38,0.0357563
2345,39,0.193247
2345,10,0.148173
2345,717,0.113312
2345,285,0.111579
2345,561,0.110997
2345,215,0.102925
2345,294,0.0984292
2345,352,0.0978871
2345,102,0.0920982
2345,31,0.083719
1,68,0.138713
1,331,0.125753
1,323,0.123371
1,24,0.120564
1,75,0.113403
1,342,0.0847154
1,16,0.0788709
1,50,0.073183
1,586,0.0691636
1,706,0.0673836
1691,1396,0.16517
1691,632,0.108479
1691,550,0.0999233
1691,5,0.0878002
1691,2001,0.0815454
1691,475,0.0798228
1691,482,0.0706923
1691,300,0.0699107
1691,364,0.0663843
1691,557,0.0660729
155,148,0.185978
155,682,0.172256
155,605,0.159576
155,2183,0.104208
155,253,0.0906646
155,176,0.087201
155,246,0.0775719
155,122,0.0726432
155,474,0.0613303
155,162,0.057075
148,712,0.228164
148,155,0.185978
148,266,0.132373
148,122,0.122147
148,162,0.120971
148,366,0.107815
148,1376,0.105362
148,725,0.0978121
148,2069,0.077735
148,55,0.0634326
1889,9,0.253136
1889,663,0.145622
1889,550,0.142127
1889,272,0.118203
1889,479,0.113825
1889,290,0.0916796
1889,738,0.0685194
1889,1160,0.0685128
1889,104,0.062756
1889,1116,0.0534616
2129,494,0.138769
2129,292,0.0988747
2129,694,0.09544
2129,343,0.0755665
2129,29,0.0725218
2129,258,0.0721467
2129,45,0.0679999
2129,492,0.06555
2129,351,0.0624765
2129,468,0.0612472
1473,59,0.205313
1473,14,0.152916
1473,259,0.11231
1473,675,0.106511
1473,586,0.0944958
1473,85,0.0940515
1473,70,0.0903253
1473,729,0.0837656
1473,582,0.0790579
1473,333,0.0770108
1474,502,0.24686
1474,587,0.171281
1474,83,0.156114
1474,76,0.150164
1474,493,0.137242
1474,735,0.132821
1474,553,0.107528
1474,606,0.0989637
1474,1117,0.0924549
1474,675,0.0913329
680,476,0.337675
680,724,0.131979
680,285,0.107209
680,631,0.0927828
680,1162,0.0912276
680,641,0.0611823
680,604,0.0602115
680,315,0.0594465
680,1485,0.0509482
680,317,0.0494192
682,331,0.260412
682,176,0.244004
682,472,0.241896
682,64,0.209123
682,318,0.207896
682,122,0.177949
682,155,0.172256
682,332,0.154036
682,38,0.149595
682,71,0.135971
2714,292,0.150195
2714,36,0.0720395
2714,16,0.0658325
2714,381,0.0623218
2714,583,0.0568242
2714,642,0.0509157
2714,491,0.0496577
2714,271,0.0466968
2714,1485,0.042824
2714,308,0.0416271
498,730,0.0777715
498,317,0.073229
498,501,0.0692258
498,552,0.0549719
498,311,0.0542055
498,107,0.0490456
498,155,0.0484002
498,2136,0.0457013
498,676,0.0454608
498,382,0.0447609
499,27,0.474316
499,302,0.258051
499,382,0.195786
499,316,0.152429
499,1120,0.136741
499,378,0.120598
499,705,0.113739
499,1397,0.107909
499,69,0.0737132
499,349,0.0712941
135,587,0.150444
135,488,0.140766
135,51,0.117074
135,336,0.110716
135,101,0.100397
135,47,0.0971738
135,267,0.0863294
135,705,0.0848496
135,467,0.0757148
135,632,0.0736592
494,2129,0.138769
494,1398,0.126432
494,343,0.123985
494,486,0.0804926
494,703,0.0785856
494,26,0.0758917
494,75,0.0548048
494,2329,0.0463693
494,45,0.0448213
494,622,0.0435181
495,263,0.135932
495,377,0.124041
495,346,0.100326
495,308,0.0999187
495,162,0.092025
495,299,0.0916237
495,71,0.0911237
495,246,0.0879263
495,551,0.0736015
495,76,0.0712523
496,101,0.111096
496,298,0.0562386
496,254,0.0551396
496,554,0.0472851
496,259,0.0436857
496,70,0.0424246
496,98,0.0417105
496,553,0.04037
496,601,0.0399831
496,180,0.037323
497,658,0.164615
497,278,0.106333
497,290,0.0966948
497,311,0.0856893
497,1397,0.0827654
497,119,0.0822702
497,10,0.0793323
497,9,0.0788887
497,490,0.077049
497,382,0.0739274
490,150,0.206158
490,9,0.160475
490,272,0.101093
490,372,0.0970905
490,2001,0.0928825
490,587,0.0922061
490,502,0.0892389
490,735,0.0853336
490,658,0.0843446
490,620,0.080263
491,624,0.223518
491,313,0.140847
491,139,0.12949
491,475,0.117353
491,729,0.0930358
491,468,0.061029
491,78,0.05834
491,1474,0.0582324
491,150,0.0564829
491,181,0.0543781
492,291,0.113021
492,694,0.0980758
492,293,0.0844142
492,488,0.0760241
492,135,0.0689225
492,2129,0.06555
492,335,0.0635932
492,189,0.0565887
492,561,0.0527484
492,166,0.0513698
493,55,0.15693
493,89,0.156738
493,502,0.147065
493,1474,0.137242
493,735,0.136014
493,587,0.115647
493,76,0.0990491
493,83,0.098752
493,714,0.09817
493,482,0.0970628
24,331,0.29207
24,721,0.133074
24,3,0.124452
24,1,0.120564
24,706,0.120442
24,326,0.114861
24,12,0.105964
24,180,0.105354
24,703,0.0912871
24,184,0.0880345
25,72,0.37025
25,256,0.216401
25,64,0.176166
25,281,0.170737
25,193,0.110894
25,152,0.103249
25,326,0.102789
25,276,0.0976511
25,49,0.0967406
25,96,0.0928856
26,107,0.169575
26,20,0.110458
26,336,0.103168
26,60,0.0869721
26,193,0.0807626
26,494,0.0758917
26,327,0.0744453
26,361,0.0661778
26,335,0.0627596
26,180,0.062751
27,499,0.474316
27,302,0.397156
27,382,0.296605
27,316,0.268514
27,1120,0.213473
27,1397,0.132204
27,338,0.119555
27,476,0.116174
27,184,0.106468
27,378,0.0932529
20,702,0.348341
20,21,0.204244
20,46,0.200331
20,180,0.170335
20,312,0.161527
20,107,0.160944
20,1117,0.129182
20,85,0.124151
20,26,0.110458
20,60,0.106053
21,1117,0.428089
21,474,0.24212
21,20,0.204244
21,60,0.195633
21,18,0.153939
21,70,0.138856
21,728,0.126134
21,36,0.0943625
21,52,0.0912336
21,340,0.0821517
22,336,0.246007
22,363,0.14205
22,1380,0.0596579
22,14,0.0540219
22,44,0.0438078
22,365,0.0412479
22,63,0.0353196
22,184,0.028677
22,29,0.024937
22,66,0.0246344
23,707,0.148434
23,59,0.140402
23,259,0.125125
23,675,0.121583
23,85,0.10919
23,70,0.103615
23,702,0.0972056
23,582,0.0933787
23,275,0.0910826
23,561,0.067889
28,357,0.243921
28,63,0.139941
28,325,0.131083
28,37,0.117651
28,44,0.0930128
28,358,0.0901979
28,381,0.0816341
28,33,0.0780379
28,302,0.0722495
28,377,0.0712734
29,184,0.161261
29,293,0.0935498
29,2129,0.0725218
29,336,0.064886
29,666,0.0520944
29,370,0.0467994
29,26,0.0456478
29,44,0.0417558
29,101,0.0378348
29,65,0.0376977
1376,349,0.171354
1376,605,0.163332
1376,602,0.117935
1376,711,0.115146
1376,714,0.113408
1376,148,0.105362
1376,672,0.0985664
1376,713,0.0944993
1376,306,0.0903632
1376,286,0.0858282
379,275,0.151621
379,361,0.107411
379,348,0.105013
379,663,0.0815037
379,72,0.0567103
379,86,0.0563113
379,57,0.046731
379,281,0.0444134
379,267,0.0374182
379,553,0.0373732
378,588,0.272203
378,376,0.121783
378,499,0.120598
378,27,0.0932529
378,1120,0.0915992
378,382,0.0820223
378,735,0.0681288
378,1398,0.0667497
378,582,0.0665794
378,559,0.0633746
371,256,0.137828
371,284,0.116589
371,281,0.113061
371,104,0.112269
371,72,0.102529
371,342,0.087386
371,319,0.0827829
371,326,0.0806249
371,59,0.0778482
371,68,0.0770685
370,365,0.186303
370,583,0.127062
370,722,0.110032
370,89,0.102238
370,341,0.101451
370,304,0.0963253
370,2330,0.0901364
370,68,0.079737
370,372,0.074327
370,333,0.0743245
373,49,0.0866535
373,703,0.0802166
373,695,0.0800044
373,337,0.0758882
373,585,0.070226
373,68,0.0695828
373,1,0.0668523
373,7,0.0650195
373,296,0.0642418
373,75,0.0629785
372,311,0.233338
372,588,0.125161
372,300,0.119116
372,1120,0.118241
372,582,0.116959
372,736,0.110248
372,490,0.0970905
372,358,0.0968138
372,2330,0.0876791
372,555,0.0765845
375,582,0.215233
375,1397,0.208711
375,259,0.123906
375,85,0.119141
375,675,0.114725
375,184,0.108167
375,731,0.10743
375,70,0.107367
375,298,0.100765
375,44,0.0816392
374,314,0.249058
374,472,0.245987
374,486,0.149386
374,292,0.11743
374,343,0.10801
374,1127,0.102596
374,50,0.0742637
374,367,0.054995
374,356,0.052702
374,176,0.0526299
377,263,0.127191
377,495,0.124041
377,361,0.0886343
377,366,0.0841158
377,246,0.0770085
377,599,0.0732989
377,28,0.0712734
377,552,0.0709961
377,122,0.0574769
377,356,0.0571821
376,378,0.121783
376,42,0.113428
376,499,0.0675121
376,14,0.0616898
376,335,0.059662
376,694,0.0560805
376,79,0.0543985
376,710,0.0540241
376,363,0.0511135
376,315,0.0510171
708,42,0.170364
708,62,0.137666
708,65,0.13267
708,342,0.0800132
708,706,0.0695974
708,166,0.0676779
708,86,0.0636719
708,125,0.0602698
708,223,0.0519346
708,153,0.050629
2906,1398,0.123944
2906,66,0.0988487
2906,705,0.0777033
2906,153,0.0764023
2906,1157,0.0680982
2906,328,0.0629855
2906,479,0.0596517
2906,298,0.049976
2906,2069,0.0491109
2906,364,0.0474434
705,263,0.1182
705,499,0.113739
705,2001,0.100929
705,308,0.0964784
705,135,0.0848496
705,258,0.0847189
705,2906,0.0777033
705,2183,0.0718405
705,246,0.06716
705,503,0.0642914
706,86,0.218396
706,192,0.214704
706,342,0.169998
706,1975,0.148074
706,331,0.126641
706,8,0.122195
706,24,0.120442
706,62,0.0952249
706,158,0.0907653
706,641,0.0854902
707,672,0.148503
707,23,0.148434
707,38,0.141789
707,727,0.108867
707,258,0.0850292
707,288,0.0834247
707,333,0.0794428
707,15,0.0764406
707,50,0.0754761
707,623,0.0609065
700,104,0.268628
700,180,0.219861
700,46,0.212607
700,80,0.11806
700,318,0.112306
700,11,0.100618
700,20,0.0965919
700,321,0.0956739
700,57,0.0884749
700,286,0.0883564
701,200,0.172198
701,86,0.101044
701,192,0.092605
701,485,0.0741612
701,310,0.0623673
701,16,0.0602713
701,583,0.0578971
701,500,0.0573176
701,559,0.0517325
701,98,0.051446
702,20,0.348341
702,312,0.177381
702,59,0.109075
702,23,0.0972056
702,675,0.0860856
702,259,0.0835426
702,606,0.0826628
702,285,0.0772561
702,71,0.0755416
702,85,0.0693298
703,2026,0.278444
703,45,0.190402
703,331,0.111813
703,24,0.0912871
703,11,0.0910837
703,48,0.0840984
703,373,0.0802166
703,340,0.0798576
703,494,0.0785856
703,101,0.0675819
88,720,0.196384
88,472,0.11505
88,78,0.110668
88,367,0.106262
88,305,0.10139
88,259,0.0931328
88,60,0.0906383
88,57,0.0902937
88,551,0.0852449
88,717,0.0832209
89,55,0.268387
89,471,0.162688
89,493,0.156738
89,370,0.102238
89,583,0.0926861
89,675,0.0745561
89,365,0.0704883
89,92,0.067825
89,305,0.067097
89,304,0.066848
1485,292,0.145409
1485,642,0.121809
1485,55,0.117608
1485,1162,0.0867071
1485,71,0.0837292
1485,309,0.0713979
1485,476,0.0638928
1485,702,0.0629095
1485,735,0.0564937
1485,2129,0.0555302
82,504,0.692646
82,478,0.497684
82,20,0.0483241
82,289,0.0423501
82,62,0.0398138
82,102,0.0350417
82,104,0.0327094
82,180,0.0291187
82,561,0.0284376
82,85,0.0273834
83,487,0.241894
83,502,0.196588
83,1474,0.156114
83,598,0.150171
83,306,0.137882
83,337,0.133764
83,355,0.130362
83,587,0.12557
83,76,0.117535
83,305,0.10592
80,46,0.340437
80,2007,0.308392
80,72,0.284228
80,468,0.222437
80,102,0.168659
80,700,0.11806
80,11,0.103
80,20,0.102171
80,152,0.0958578
80,272,0.0915001
86,706,0.218396
86,192,0.147323
86,342,0.110969
86,701,0.101044
86,56,0.0942327
86,62,0.0830204
86,1122,0.0755938
86,8,0.073346
86,59,0.0687843
86,708,0.0636719
87,504,0.114673
87,16,0.0927361
87,184,0.0905172
87,736,0.0865629
87,272,0.0825238
87,1122,0.0675957
87,589,0.0496091
87,27,0.0421251
87,351,0.04161
87,298,0.0397613
84,76,0.199103
84,181,0.136807
84,331,0.0924267
84,246,0.088602
84,503,0.0880956
84,480,0.0863143
84,605,0.0735349
84,712,0.0719072
84,356,0.0643916
84,2001,0.0595899
85,675,0.284329
85,259,0.269395
85,70,0.225286
85,582,0.194165
85,59,0.148295
85,298,0.130302
85,20,0.124151
85,290,0.123941
85,375,0.119141
85,9,0.113054
7,50,0.179082
7,367,0.162444
7,68,0.121736
7,52,0.0941302
7,283,0.0939443
7,49,0.0849739
7,297,0.0728442
7,373,0.0650195
7,332,0.0512266
7,48,0.0500178
586,90,0.112872
586,1473,0.0944958
586,38,0.0698851
586,1,0.0691636
586,694,0.0691374
586,272,0.0659209
586,729,0.0636549
586,488,0.0636072
586,68,0.0622466
586,59,0.0596308
587,502,0.208951
587,1474,0.171281
587,135,0.150444
587,83,0.12557
587,35,0.122589
587,76,0.121187
587,675,0.118962
587,493,0.115647
587,735,0.109124
587,490,0.0922061
584,67,0.14354
584,57,0.0941606
584,47,0.0904557
584,78,0.0883105
584,667,0.0802111
584,288,0.0767224
584,40,0.069681
584,8,0.0684893
584,358,0.0671813
584,283,0.0650275
585,95,0.127935
585,2329,0.093672
585,339,0.0912504
585,373,0.070226
585,730,0.06597
585,2,0.0642131
585,623,0.0552199
585,125,0.0469049
585,706,0.0395734
585,502,0.0387788
582,588,0.267766
582,675,0.230666
582,259,0.21785
582,375,0.215233
582,1120,0.214397
582,85,0.194165
582,70,0.170649
582,736,0.15811
582,165,0.148873
582,298,0.121453
583,370,0.127062
583,36,0.103506
583,304,0.0977426
583,89,0.0926861
583,57,0.0891307
583,365,0.087527
583,16,0.0724262
583,341,0.0717149
583,271,0.0633987
583,701,0.0578971
581,1161,0.264743
581,267,0.224948
581,722,0.205996
581,165,0.194377
581,361,0.191566
581,353,0.191327
581,78,0.185134
581,320,0.175916
581,625,0.108578
581,1394,0.107794
588,378,0.272203
588,582,0.267766
588,1120,0.230747
588,736,0.163803
588,667,0.1324
588,165,0.129212
588,372,0.125161
588,368,0.0976584
588,292,0.0918939
588,189,0.066682
589,254,0.12691
589,91,0.0980241
589,102,0.093856
589,501,0.0763591
589,1116,0.0754368
589,80,0.0669241
589,370,0.0557437
589,87,0.0496091
589,703,0.043826
589,630,0.0401906
244,44,0.193041
244,57,0.148498
244,288,0.136094
244,719,0.12549
244,47,0.111406
244,602,0.0933043
244,49,0.0904803
244,551,0.0855573
244,698,0.0846536
244,92,0.0779317
246,263,0.223122
246,710,0.207658
246,253,0.148446
246,672,0.144617
246,95,0.140115
246,122,0.108251
246,84,0.088602
246,495,0.0879263
246,727,0.0845379
246,155,0.0775719
242,345,0.323109
242,1397,0.150367
242,295,0.140716
242,737,0.116053
242,717,0.109313
242,632,0.103214
242,165,0.100477
242,367,0.0984004
242,223,0.0894248
242,42,0.0780343
606,354,0.165527
606,366,0.108952
606,1474,0.0989637
606,32,0.0835732
606,702,0.0826628
606,1396,0.0823212
606,1394,0.0811107
606,714,0.0807247
606,682,0.0719624
606,490,0.0711104
248,223,0.171891
248,287,0.151023
248,34,0.0998698
248,54,0.0801345
248,283,0.0779091
248,276,0.0672158
248,73,0.0669241
248,489,0.0626009
248,600,0.0622206
248,83,0.0553807
623,730,0.0887642
623,292,0.0813517
623,2007,0.0668349
623,2329,0.0659706
623,125,0.0633375
623,707,0.0609065
623,697,0.0598493
623,158,0.0598468
623,481,0.0555383
623,585,0.0552199
622,630,0.151572
622,698,0.136527
622,343,0.0531667
622,291,0.0465966
622,365,0.0436575
622,494,0.0435181
622,336,0.0434451
622,2129,0.0433213
622,42,0.0423448
622,640,0.0411953
621,475,0.172829
621,303,0.0576341
621,650,0.052343
621,1474,0.0497514
621,737,0.0450724
621,10,0.0396062
621,491,0.0388544
621,2137,0.0378716
621,314,0.0366591
621,39,0.0356296
620,358,0.112493
620,30,0.0892618
620,1120,0.0822868
620,490,0.080263
620,469,0.0764117
620,736,0.0760032
620,355,0.0743703
620,2330,0.0715089
620,482,0.0704482
620,720,0.068974
625,78,0.174499
625,360,0.14399
625,599,0.133989
625,283,0.127121
625,581,0.108578
625,316,0.106737
625,694,0.0812228
625,181,0.0781061
625,2,0.071232
625,30,0.0705271
624,313,0.349078
624,475,0.303677
624,491,0.223518
624,150,0.141663
624,327,0.136914
624,119,0.13143
624,78,0.123264
624,297,0.0694857
624,306,0.0682204
624,31,0.0616535
176,472,0.316584
176,331,0.248515
176,682,0.244004
176,318,0.232557
176,122,0.225044
176,64,0.220212
176,38,0.214585
176,332,0.187771
176,602,0.186827
176,314,0.166998
1120,588,0.230747
1120,582,0.214397
1120,27,0.213473
1120,499,0.136741
1120,736,0.129505
1120,489,0.126599
1120,372,0.118241
1120,302,0.113873
1120,165,0.103425
1120,378,0.0915992
180,104,0.361184
180,700,0.219861
180,101,0.203467
180,20,0.170335
180,107,0.147585
180,98,0.132382
180,46,0.127961
180,102,0.118409
180,331,0.112525
180,24,0.105354
181,360,0.313165
181,76,0.232846
181,316,0.226455
181,84,0.136807
181,285,0.112322
181,331,0.106353
181,480,0.102725
181,676,0.0971231
181,356,0.0893694
181,200,0.08614
184,44,0.189407
184,29,0.161261
184,8,0.157117
184,290,0.140518
184,375,0.108167
184,1398,0.107326
184,27,0.106468
184,331,0.0916938
184,87,0.0905172
184,24,0.0880345
651,470,0.631734
651,489,0.150526
651,73,0.141958
651,555,0.0925316
651,361,0.0749615
651,475,0.0616637
651,281,0.0547773
651,308,0.0546958
651,242,0.0519537
651,292,0.0511071
189,279,0.361694
189,600,0.262286
189,501,0.176479
189,276,0.168021
189,96,0.132009
189,102,0.0956944
189,25,0.0900706
189,485,0.0876237
189,41,0.0746442
189,323,0.0720374
658,497,0.164615
658,267,0.146588
658,290,0.13742
658,119,0.124937
658,278,0.120523
658,1397,0.114934
658,728,0.110827
658,348,0.105959
658,633,0.0918195
658,6,0.0877748
650,37,0.169387
650,107,0.103664
650,1117,0.095097
650,606,0.0666132
650,1474,0.0604293
650,26,0.0576105
650,621,0.052343
650,1396,0.0466889
650,301,0.0460633
650,193,0.0432499
1127,367,0.123175
1127,348,0.108755
1127,374,0.102596
1127,292,0.0616036
1127,356,0.0540113
1127,310,0.0431031
1127,605,0.040558
1127,328,0.0403344
1127,560,0.0398815
1127,494,0.0392403
11,46,0.184972
11,321,0.16984
11,80,0.103
11,700,0.100618
11,48,0.097082
11,152,0.0935374
11,294,0.0928345
11,703,0.0910837
11,20,0.0844475
11,69,0.0743019
10,2345,0.148173
10,285,0.1285
10,294,0.121295
10,326,0.113873
10,332,0.0896894
10,49,0.0865642
10,497,0.0793323
10,181,0.0766556
10,102,0.0748206
10,296,0.0731963
13,347,0.246798
13,223,0.19978
13,310,0.0899567
13,31,0.0883896
13,67,0.0875025
13,15,0.0832926
13,215,0.0678447
13,23,0.0668123
13,319,0.0650575
13,69,0.0518705
12,312,0.170515
12,3,0.15569
12,289,0.130886
12,331,0.111487
12,24,0.105964
12,200,0.0725241
12,2183,0.0721578
12,485,0.063435
12,31,0.0586965
12,64,0.0576166
15,13,0.0832926
15,362,0.0820892
15,707,0.0764406
15,23,0.0642611
15,14,0.0557574
15,288,0.0541176
15,158,0.0533253
15,727,0.0517172
15,98,0.0516764
15,275,0.044097
14,604,0.285525
14,471,0.259011
14,335,0.221639
14,1473,0.152916
14,553,0.0781232
14,700,0.0746239
14,59,0.0693333
14,376,0.0616898
14,26,0.0558405
14,15,0.0557574
16,694,0.117959
16,79,0.101267
16,87,0.0927361
16,1,0.0788709
16,740,0.0786435
16,559,0.0724329
16,583,0.0724262
16,2714,0.0658325
16,50,0.0651508
16,275,0.0646034
19,369,0.0668165
19,331,0.0605526
19,24,0.0586323
19,180,0.0539532
19,2745,0.0367369
19,721,0.0332363
19,32,0.0327402
19,295,0.0292973
19,139,0.0281453
19,284,0.0280338
18,474,0.17135
18,21,0.153939
18,51,0.128022
18,1119,0.119162
18,603,0.0991776
18,310,0.0966497
18,264,0.0764876
18,52,0.0763257
18,488,0.0749685
18,125,0.0736866
2026,703,0.278444
2026,45,0.249448
2026,340,0.101476
2026,295,0.0744794
2026,317,0.0670334
2026,3067,0.0651794
2026,582,0.0617879
2026,284,0.0536105
2026,271,0.0455955
2026,102,0.0449141
322,271,0.123725
322,276,0.110355
322,304,0.0887305
322,38,0.0812805
322,41,0.0810357
322,180,0.0794822
322,125,0.0740115
322,483,0.072648
322,101,0.0695573
322,104,0.0675508
323,1,0.123371
323,2136,0.121922
323,68,0.108773
323,75,0.09175
323,342,0.0829236
323,334,0.0808496
323,189,0.0720374
323,371,0.0679631
323,1162,0.0665819
323,633,0.0650497
320,581,0.175916
320,1161,0.131042
320,2137,0.125705
320,364,0.103642
320,280,0.101019
320,722,0.0835661
320,737,0.0772692
320,2330,0.0755577
320,353,0.0732674
320,165,0.071711
321,11,0.16984
321,6,0.0976648
321,700,0.0956739
321,324,0.0921807
321,340,0.0900005
321,318,0.06255
321,488,0.0556981
321,32,0.0541199
321,658,0.0526173
321,280,0.0508713
326,381,0.136399
326,331,0.124814
326,24,0.114861
326,10,0.113873
326,25,0.102789
326,193,0.101388
326,697,0.100195
326,2345,0.0829252
326,285,0.0822374
326,371,0.0806249
327,624,0.136914
327,313,0.096047
327,349,0.083642
327,361,0.0790631
327,26,0.0744453
327,475,0.0740723
327,1474,0.0722304
327,150,0.071938
327,1398,0.0713467
327,502,0.0674656
324,667,0.143274
324,321,0.0921807
324,700,0.0776068
324,180,0.0746625
324,663,0.0715508
324,98,0.0468384
324,77,0.0458902
324,2001,0.0443456
324,481,0.0434636
324,318,0.0416079
325,666,0.224925
325,28,0.131083
325,737,0.0662685
325,705,0.0639749
325,607,0.0578373
325,499,0.0506337
325,695,0.0426758
325,620,0.0414697
325,52,0.0402271
325,667,0.0364412
328,695,0.139863
328,2183,0.132036
328,348,0.110531
328,342,0.0864978
328,326,0.0695427
328,2906,0.0629855
328,2329,0.0606669
328,711,0.0498581
328,59,0.0439602
328,1127,0.0403344
329,368,0.0712866
329,735,0.046686
329,295,0.046189
329,1117,0.0401131
329,354,0.0368568
329,471,0.0362601
329,319,0.0357783
329,85,0.0324544
329,335,0.0320138
329,292,0.0298139
200,485,0.248408
200,559,0.19969
200,701,0.172198
200,309,0.161079
200,275,0.124693
200,468,0.0975204
200,96,0.0947762
200,181,0.08614
200,12,0.0725241
200,189,0.0691852
77,102,0.120343
77,308,0.115238
77,275,0.113185
77,354,0.112013
77,486,0.105307
77,301,0.0924208
77,281,0.0798326
77,85,0.0779968
77,72,0.0768611
77,60,0.0737578
76,181,0.232846
76,84,0.199103
76,502,0.178624
76,665,0.162959
76,480,0.153479
76,1474,0.150164
76,282,0.141474
76,587,0.121187
76,489,0.12081
76,607,0.118008
75,54,0.208016
75,49,0.175736
75,486,0.159315
75,277,0.115992
75,38,0.113514
75,1,0.113403
75,472,0.102499
75,68,0.0979308
75,323,0.09175
75,64,0.0830023
73,350,0.155031
73,651,0.141958
73,470,0.0957809
73,313,0.0863039
73,561,0.0697425
73,248,0.0669241
73,729,0.0652824
73,355,0.0580929
73,53,0.0574568
73,6,0.0556489
72,25,0.37025
72,80,0.284228
72,256,0.173773
72,96,0.165489
72,104,0.157168
72,2007,0.154978
72,281,0.146022
72,102,0.135709
72,46,0.128179
72,275,0.117026
71,682,0.135971
71,695,0.117677
71,495,0.0911237
71,1485,0.0837292
71,676,0.0824976
71,702,0.0755416
71,2069,0.0622812
71,736,0.0591255
71,500,0.0561605
71,23,0.0543664
70,259,0.251522
70,675,0.242786
70,85,0.225286
70,728,0.200389
70,582,0.170649
70,60,0.156087
70,59,0.140455
70,21,0.138856
70,298,0.128878
70,52,0.111264
79,694,0.204795
79,42,0.103212
79,16,0.101267
79,104,0.0647426
79,700,0.0576549
79,340,0.0545922
79,376,0.0543985
79,84,0.0532671
79,586,0.052053
79,5,0.051647
78,1394,0.209718
78,581,0.185134
78,625,0.174499
78,359,0.125153
78,624,0.123264
78,88,0.110668
78,300,0.106651
78,2,0.100238
78,125,0.0891187
78,340,0.0883217
2330,255,0.123136
2330,43,0.108575
2330,2137,0.102286
2330,370,0.0901364
2330,372,0.0876791
2330,264,0.0868771
2330,300,0.084584
2330,555,0.0844872
2330,503,0.0803182
2330,320,0.0755577
667,324,0.143274
667,588,0.1324
667,582,0.104857
667,584,0.0802111
667,694,0.0760828
667,125,0.0747649
667,1120,0.0746043
667,77,0.0607899
667,658,0.0581357
667,375,0.0549624
666,325,0.224925
666,61,0.0632816
666,1157,0.0568896
666,29,0.0520944
666,364,0.0493425
666,694,0.0467859
666,607,0.0450811
666,479,0.0431251
666,680,0.040225
666,287,0.0401524
665,282,0.258787
665,76,0.162959
665,37,0.150396
665,39,0.121485
665,337,0.1139
665,43,0.10572
665,290,0.0954886
665,83,0.0944014
665,557,0.0939077
665,299,0.0911445
664,490,0.0717929
664,663,0.0629349
664,365,0.0604929
664,44,0.0533404
664,30,0.0523309
664,380,0.0509349
664,1474,0.0411507
664,465,0.0362253
664,13,0.034195
664,37,0.0337469
663,738,0.241165
663,1396,0.179212
663,9,0.148294
663,1889,0.145622
663,302,0.121669
663,503,0.120314
663,355,0.0889534
663,379,0.0815037
663,324,0.0715508
663,11,0.070544
696,125,0.0981867
696,365,0.0743806
696,18,0.0656918
696,88,0.061451
696,583,0.0534928
696,675,0.0507844
696,339,0.049937
696,315,0.048314
696,2745,0.0461617
696,667,0.0437744
697,326,0.100195
697,481,0.0605714
697,623,0.0598493
697,62,0.0562229
697,158,0.0519833
697,708,0.0469003
697,473,0.0450163
697,342,0.0413004
697,706,0.0403542
697,53,0.0397719
694,79,0.204795
694,16,0.117959
694,492,0.0980758
694,2129,0.09544
694,625,0.0812228
694,333,0.0788505
694,667,0.0760828
694,44,0.0721194
694,586,0.0691374
694,365,0.0616837
695,328,0.139863
695,482,0.135675
695,71,0.117677
695,373,0.0800044
695,289,0.0628231
695,364,0.0625453
695,162,0.0616006
695,682,0.0576629
695,348,0.0534617
695,318,0.0450764
698,602,0.2708
698,6,0.173244
698,622,0.136527
698,719,0.093683
698,244,0.0846536
698,700,0.067387
698,336,0.0555797
698,604,0.0544597
698,703,0.0491713
698,288,0.0470229
8,44,0.235467
8,192,0.181342
8,184,0.157117
8,50,0.126959
8,706,0.122195
8,277,0.107615
8,24,0.0786788
8,244,0.0771615
8,86,0.073346
8,331,0.0718355
122,472,0.277069
122,331,0.25922
122,318,0.256459
122,176,0.225044
122,64,0.224607
122,38,0.196411
122,682,0.177949
122,332,0.17426
122,162,0.148954
122,366,0.130527
125,2,0.198625
125,599,0.183754
125,339,0.182785
125,104,0.109238
125,2745,0.107382
125,696,0.0981867
125,78,0.0891187
125,98,0.0860544
125,101,0.0823973
125,551,0.0799549
2,551,0.231389
2,125,0.198625
2,599,0.164946
2,720,0.158523
2,47,0.141148
2,67,0.111113
2,78,0.100238
2,62,0.0967799
2,339,0.0897001
2,35,0.0862032
2069,676,0.130157
2069,148,0.077735
2069,2329,0.0624023
2069,71,0.0622812
2069,162,0.0534062
2069,623,0.0512792
2069,166,0.0498369
2069,2906,0.0491109
2069,253,0.0489837
2069,122,0.0429842
1380,63,0.239844
1380,66,0.192499
1380,557,0.087318
1380,311,0.0647606
1380,282,0.0642599
1380,581,0.0636713
1380,358,0.0613489
1380,37,0.060128
1380,22,0.0596579
1380,300,0.0595635
319,735,0.199912
319,554,0.10662
319,296,0.0898429
319,466,0.0850405
319,371,0.0827829
319,298,0.0785294
319,467,0.0783683
319,367,0.0722335
319,13,0.0650575
319,31,0.0647915
318,472,0.344962
318,331,0.315941
318,122,0.256459
318,64,0.255805
318,176,0.232557
318,332,0.230421
318,682,0.207896
318,38,0.1981
318,736,0.153138
318,314,0.137035
313,624,0.349078
313,475,0.238571
313,491,0.140847
313,150,0.134424
313,327,0.096047
313,73,0.0863039
313,78,0.0827856
313,483,0.0728808
313,272,0.065476
313,2345,0.0523018
312,702,0.177381
312,12,0.170515
312,20,0.161527
312,289,0.114383
312,3,0.110823
312,59,0.101234
312,2183,0.100104
312,326,0.0713999
312,344,0.0709076
312,9,0.0646076
311,372,0.233338
311,581,0.0952203
311,603,0.0942788
311,76,0.0894741
311,497,0.0856893
311,2183,0.0845445
311,359,0.0839153
311,358,0.0832808
311,78,0.0822206
311,480,0.0814827
310,603,0.241779
310,63,0.135191
310,502,0.117094
310,18,0.0966497
310,98,0.094578
310,1119,0.093506
310,13,0.0899567
310,347,0.0808412
310,223,0.0778472
310,363,0.0749657
317,271,0.141726
317,255,0.109398
317,476,0.0733425
317,498,0.073229
317,53,0.0727405
317,722,0.0726869
317,284,0.0681436
317,501,0.067361
317,2026,0.0670334
317,297,0.0596569
316,360,0.428208
316,27,0.268514
316,181,0.226455
316,499,0.152429
316,302,0.124459
316,625,0.106737
316,350,0.0980271
316,382,0.0940153
316,285,0.068018
316,30,0.0636494
315,10,0.0704879
315,680,0.0594465
315,63,0.055153
